9064082
9050315
9035925
9065632
9058762
9064983
9065256
9018144
9064061
9024195
9065105
9053147
9049688
9064230
9013933
9050659
9060420
9063703
9044138
9052280
9064072
9053030
9065262
9065481
9027590
9027861
9062419
9064170
9064422
9019474
9057588
9021399
9035101
9010168
9057858
9058261
9041968
9020124
9028047
9030207
9027131
9041790
9051960
9055826
9012747
9043458
9048147
9064395
9064956
9051378
9034811
9047612
9056319
9022064
9050897
9013416
9014701
9017774
9015543
9063011
9036559
9014072
9044224
9062381
9016149
9063531
9063691
9028491
9014001
9055585
9064681
9050811
9065541
9017846
9022580
9026027
9053660
9055255
9046381
9057419
9014764
9049987
9064335
9055600
9065525
9011609
9062846
9035874
9063716
9035109
9058280
9026994
9043598
9060492
9064753
9024880
9064639
9012624
9021988
9062454
9023365
9044821
9014270
9057151
9063810
9025527
9056870
9032828
9038814
9064166
9025348
9057999
9062416
9064884
9065423
9066026
9055339
9058849
9011277
9049090
9063236
9023131
9050942
54
9053622
9060591
9012065
9056494
9065684
9043938
9054404
9058064
9059322
9035716
9013314
9060646
9061576
9030037
9056615
9059385
9035446
9054118
9057345
9018348
9064110
9012508
79
9028229
9040555
9042007
9058643
9016274
9064411
9015778
9028133
9040117
9044802
9062213
9065331
9028541
9041842
9062024
9019937
9034824
9063773
9064386
9010270
9055378
9048311
9055743
9034134
9035600
9061962
9031342
9011446
9018638
9047087
9025918
9047427
9061577
9065757
9033056
9054624
9016841
9019349
9023134
9015387
9057161
9057299
9011526
9018216
9025515
9065928
9052240
9016139
9053522
9065354
9021645
9011480
9019314
9031543
9013718
9054821
9056553
9060389
9064086
9024980
9031192
9016691
9017116
9037499
9041212
9022353
9028282
9048934
9058770
9021735
9039979
9064498
9019807
9028694
9039983
9045377
9063053
9066139
9010317
9063886
9064840
140
9022763
9054190
9061242
9044724
9041230
9011468
9012396
9030409
9033890
9035185
9020631
9032010
9059118
9010367
9024267
9036888
9038599
9054720
9063938
9057838
9059628
9015235
9015208
9016356
9040800
9044048
9064628
9065214
9057022
9062339
9022942
9025720
9051825
9058922
9017262
9023110
9062130
9019060
9023749
9059566
9018472
9020715
9023579
9038540
9044395
9053827
9059825
9020774
9033923
9037857
9041036
9052162
9055949
9058196
9062579
9030155
9041982
9062516
9020259
9041936
9063080
9014347
9016949
9023919
9044613
9056167
9057205
9063449
9050618
9060827
9061871
9012188
9058017
9063261
9059490
9010818
9012413
9058626
9039054
9042855
9061753
9032516
9033215
9033292
9034195
9062108
9034532
9043683
9057472
9021819
9022415
9039664
9052133
9058137
9059277
9064302
9023265
9027744
9034920
9047508
9029238
9029645
9036026
9054208
9057722
9033434
9040603
9055515
9014198
9046774
9055220
9062517
9016541
9035331
9036138
9049774
9018672
9014648
9014720
9039269
9055879
9057642
9030732
9017613
9027342
9027969
9035878
9041906
9056816
9058466
9061860
9016254
9064078
9065303
9023826
9024589
9031185
9038372
9014636
9048348
9026661
9034188
69
9027140
9028878
9056783
9059201
9066143
9050371
9022312
9014715
9040246
9054848
9011981
9013944
9014354
9016453
9030124
9039574
9054992
9021093
9039194
9058002
9058519
9065110
9059128
9010473
9064103
9011768
9020387
9045466
9059704
9059919
9065824
9010467
9018411
9029292
9034859
9046092
9012323
9029210
9057875
9047321
9012584
9036191
9053743
9059391
9038264
9024955
9064972
9011817
9020790
9043698
9014206
9037730
9049638
9061633
9061851
9025613
9031348
9042824
9051906
9058202
9011456
9046870
9052032
9017354
9032131
9017093
9022509
9026886
9034539
9055651
9057592
9038700
9059832
9015970
9025765
9036397
9054580
9029513
9056616
9058119
9017950
9044844
9050084
9058190
9065362
9012443
9024042
9043570
9035538
9035051
9043089
9062084
9029535
9013021
9034426
9035034
9048533
9025298
9054096
9056283
9053355
9032675
9022813
9030559
9037038
9038627
9045339
9052607
9059703
9064286
9022152
9030805
9047758
9026515
9042433
9043287
9047210
9065709
9010250
9011685
9059060
9025153
9044826
9047388
9052428
9057121
9065597
9022363
9056580
9042899
9028660
9043027
9054061
9061804
9062032
9023258
9011558
9034957
9043434
9048711
9064363
9014383
9038226
9046660
9014193
9062203
9019566
9030019
9049134
9062832
9043063
9052924
9025437
9018618
9040224
9060250
9022889
9035171
9049868
9066017
9043334
9056088
9016988
9026753
9043010
9045456
9046036
9031196
9018800
9023708
9026151
9044040
9049017
9049788
9054487
9062682
9058703
9035559
9062206
9011398
9027463
9039325
9045298
9011436
9014573
9027825
9062420
9062731
9062738
9025631
9036699
9030744
9012538
9057949
9052849
9034544
9046378
9017278
9047021
9049453
9066005
9025934
9017038
9065306
9047772
9062142
9031968
9049585
9054145
9059230
9020414
9039041
9010074
9013989
9053538
9048435
9012060
9049224
9023196
9033525
9062497
9064241
9011970
9059396
9017440
9043283
9023913
9023556
9030013
9050919
9062699
9031434
9044385
9012785
9017526
9065970
9027497
9050658
9048607
9017397
9062904
9042073
9011782
9026444
9045606
9054349
9058918
9031423
9040663
9047066
9047274
9055301
9061453
9040419
129
9010286
9013055
9049096
1
9046844
9027624
9015535
9027808
9046625
9027531
9064619
9027511
9019056
9013587
9053720
9064502
9048752
9055850
9027100
9063564
9022846
9017184
9011554
9057497
9059140
9034770
9065217
9064513
9058516
9056982
9011211
9044453
9065881
9058195
9051535
9017645
9015002
9026020
9024434
