9064082
9027590
9056615
9023131
9031192
9055600
9065262
9057472
9065256
9057588
9032675
9042433
9056494
9050315
9057121
9027100
9051960
9047427
9017278
9016841
9035101
9034811
9054404
9012747
9020124
9031185
9058137
9062904
9064286
9049788
9019937
9021735
9064956
9010168
9036191
9066017
9027131
9022064
9058196
9046660
9014701
9020774
9014270
9023265
9066026
9012538
9062497
9039664
9059230
9038540
9054190
9040224
9023110
9047021
9057858
9065217
9035538
9039054
9060420
9034426
9034824
9043683
9013021
69
9037499
9038599
9049638
9028229
9052162
9052849
9043334
9059385
9011436
9019474
9022580
9055515
9050618
9064619
9046844
9065481
9059060
9014636
9019566
9064411
9033215
9035716
9058643
9063011
9021988
9035600
9054821
9062108
9062832
9040603
9058195
9053147
9011558
9040800
9047274
9048533
9044826
9037857
9063938
9028541
9044048
9022509
9025348
9036559
9042855
9054624
9055826
9061962
9017613
9024434
9041982
9065525
9047772
9011398
9058849
9023913
9053522
9054848
9019060
9035034
9056816
9021399
9018800
9051825
9057022
9032828
9030805
9029210
9041036
9046381
9014001
9016988
9026661
9057299
9047508
9014198
9031543
9011609
9020715
9049090
9013933
9014383
9022415
9030155
9043287
9055949
9037038
9023258
9031342
9033923
9058202
9019349
9062203
9039041
9052032
9062339
9024880
9030409
9035331
9065303
9022312
9021093
9023749
9026886
9038264
9041968
9057949
9035874
9047388
9065105
9027744
9030037
9062454
9010467
9011277
9018348
9043010
9060646
9028660
9031196
9028282
9034195
9011554
9018144
9039325
9013989
9026020
9054580
9058703
9047066
9020259
9030124
9055255
9065306
9058280
9066005
9040419
9047087
9049096
9052280
9052924
9064230
9010074
9014072
9026027
9058770
9017440
9013055
9015002
9025613
9041230
9046774
9048711
9050371
9065632
9056783
9065214
9065597
9010473
9016949
9033890
9048311
9012188
9013944
9033056
9045456
9048348
9024589
9053355
9055339
9012413
9015387
9022763
9029156
9058922
9060591
9063564
9012508
9024042
9034920
140
9015208
9024980
9034134
9062738
9013314
9030019
9031348
9043063
9058190
9017526
9024267
9033525
9038627
9038814
9064983
9017184
9014206
9020414
9034859
9041790
9043434
9056553
9061242
9011817
9014720
9030732
9041906
9056319
9061804
9022353
9024955
9032131
9045606
9059140
9065709
9054118
9058466
9059118
9063449
9063691
9014715
9022363
9022942
9035185
9057642
9057875
9058064
9014193
9042824
9013718
9027624
9045339
9061453
9013587
9023919
9043598
9054208
9056616
9057999
9025934
9061851
9016453
9061576
9061633
9062213
9023708
9029238
9045377
9045466
9057161
9064840
9014764
9034539
9059201
9015778
9020631
9028047
9028491
9064170
9011468
9039983
9056580
9015235
9016139
9016541
9028878
9056167
9024195
9036138
9051378
9025765
9044844
9058762
9028694
9057205
9055743
9062579
9012065
9030207
9046625
9056088
9041212
9043283
9062032
9063531
9018216
9026444
9048147
9049453
9060250
9014648
9050919
9054145
1
9027140
9040246
9043698
9055378
9065354
9065824
9012060
9035051
9037730
9046870
9059322
9063080
9023579
9064363
9026515
9025720
9047612
9049017
9064110
9064302
9017116
9027969
9036888
9038226
9038700
9058626
9064078
9012396
9049585
9057722
9027342
9040663
9034957
9036397
9065757
9017038
9026994
9052607
9053720
9062682
9011970
9029645
9049987
9017262
9057838
9025918
9011446
9011456
9018618
9059628
9063810
9016254
9062024
9027497
9027511
9028133
9032010
9033292
9047758
9064241
9050658
9011782
9016274
9036026
9025298
9029513
9052133
9062206
9063236
9042899
54
9014347
9015535
9017397
9022813
9023196
9023556
9053538
9060389
9010317
9027825
9035446
9058017
9062130
9065331
9011526
9011685
9048607
9062084
9062846
9064753
9017093
9035878
9025527
9065684
9044224
9045298
9053827
9061871
9010818
9059703
9054720
9055879
9011768
9017950
9021819
9047321
9050084
9058918
9059566
9064639
9055585
9063261
9021645
9027861
9044802
9055220
9059391
9061577
9046378
9059825
9031423
9054096
9060492
9010367
9012785
9020387
9033434
9034532
9039194
9040555
9046092
9049774
9057592
9059919
9023826
9025631
9012443
9022889
9048752
9053622
9058002
9015543
9029535
9043027
9013416
9016691
9035171
9042007
9044613
9063703
9057419
9027531
9053030
9057151
9014354
9017645
9048435
9064166
9057345
9030013
9046036
9025437
9058519
9059704
9054992
9059277
9061860
9034770
9064681
9022152
9051906
9053660
9054487
9061753
9026151
9020790
9047210
9059832
9018411
9034188
9039979
9054061
9018472
9015970
9064072
9064422
9036699
9041936
9049224
9056870
9056982
9059128
9055850
9048934
9049868
9012584
9035559
9063886
9035109
9062516
9011981
9027808
9059396
9060827
9062142
9064498
9043089
9044395
9062381
9031434
9044453
9065110
9053743
9062420
9019807
9058516
79
9050897
9050942
9012323
9062731
9029292
9055651
9043570
9054349
9062699
9065423
9055301
9064628
9018638
9011211
9010250
9044138
9019314
9062419
9063773
9044724
9016149
9030559
9040117
9056283
9057497
9017354
9023134
9043458
9043938
9059490
129
9049134
9065970
9039269
9044040
9058119
9012624
9041842
9063053
9039574
9010270
9016356
9065362
9052240
9032516
9052428
9063716
9058261
9042073
9044821
9031968
9017774
9019056
9023365
9062416
9034544
9027463
9062517
9064086
9065541
9025515
9064972
9017846
9010286
9018672
9064335
9035925
9065928
9064386
9022846
9011480
9026753
9038372
9050659
9014573
9064395
9051535
9064513
9065881
9049688
9025153
9064884
9064502
9064103
9064061
9044385
9050811
9030744
