9025153
9055301
9064513
9065481
9023265
9064078
9010168
9063011
9064170
9049585
9055651
9016356
9066580
9012060
9026886
9035101
9057588
9028878
9065331
9028133
9015208
9052280
9015535
9023134
9030037
9064972
9012747
9028660
9055378
9065541
9013021
9047087
9059703
9053522
9055255
9064072
9026753
9049774
9062517
9064422
9040555
9059832
9064983
9031968
9016139
9023365
9050618
9039664
9011277
9010317
9049868
9056283
9056615
9027497
9017038
9034811
9010467
9033525
9035559
9045298
9032828
9027590
9064619
9052607
9054349
9056319
9066244
9020259
9059140
9023913
9027861
9010270
9016988
9023131
9044821
9045606
9065105
9065757
9021399
9031423
9049096
9053720
9028491
9033890
9013944
9023196
9028282
9033434
9058196
9022763
9023826
9052428
9066740
9058064
9023258
9014354
9030559
9040800
9058516
9013055
9019060
9059391
9035716
9044844
9054720
9058119
9026444
9027825
9064302
9027624
9016453
9017262
9038226
9030124
9062419
9022509
9052240
9035331
9055339
9015543
9019937
9026515
9050897
9056816
9024195
9042007
9048435
9050371
9055826
9057949
9022846
9056580
9047321
9058519
9019056
9021819
9024980
9029292
9033292
9017526
9019314
9063053
9063703
9011981
9044224
9011398
9039054
9066005
9030155
9016949
9046870
9055879
9027531
9053743
1
9032516
9065824
9040663
9061577
9010286
9032131
9046378
9020387
9043063
9057419
9031342
9025437
9022353
9023556
9047021
9055220
9011211
9020631
9034920
9035185
9054096
9017397
9046381
9016691
9030019
9047508
9058703
9033056
9034824
9048147
9062579
9010473
9016149
9038700
9052133
9013989
9020414
9042855
9055743
9025613
9025631
9048711
9034134
79
9010818
9013718
9016254
9058643
9026661
9034770
9041790
9012538
9054487
9014701
9047274
9011782
9015970
9022415
9046844
9054190
9031185
9014072
9029513
9035874
9036559
9057205
9011817
9028047
9038814
9063080
9064363
9014720
9015387
9058770
9062846
9014347
9016274
9042899
9012624
9018411
9011558
9011970
9020124
9065362
9011446
9046774
9049453
9055515
9056982
9065262
9021093
9029238
9042824
9056616
9057875
9060389
9027342
9030732
9036397
9010367
9015002
9017184
9035051
9045456
9012396
9062497
9043570
9015778
9041842
9066026
9023919
9027463
9064956
129
9035109
9044048
9052032
9023708
9059704
9063531
9011468
9022942
9023110
9038264
9043283
9065217
9052924
9058280
9024267
9029645
9031543
9046036
9017354
9054208
9017116
9035878
9053660
9054061
9064230
9026027
9059919
9034539
9034544
9036699
9041982
9022363
9043458
9065709
9044724
9024955
9039979
9040246
9041230
9054118
9012508
9038627
9048752
9050315
9058922
9062339
9063449
9020774
9022064
9034532
9037038
9046660
9065306
9036888
9043010
9049017
9064411
9027511
9054821
9040419
9044395
9050919
9058762
9031192
9014270
9047758
9058849
9061453
9042073
9014648
9026151
9019474
9055850
9058002
9060646
9066247
9022813
9037499
9047388
9058017
9058918
9012323
9015235
9043089
9065881
9033215
9044613
9051960
9061633
9063886
9011526
9016541
9018144
9058190
9027969
9054624
9057022
9014198
9023749
9036138
9038372
9053030
9035034
9039194
9042433
9056783
9057999
9014636
9018618
9022152
9027744
9049134
9057299
9065632
9025934
9050658
9022312
9017613
9031348
9019349
9035600
9040603
9059322
9065684
9057497
9059201
9024880
9033923
9014573
9018348
9039325
9032675
9012443
9044802
9060492
9062416
69
9014001
9048607
9014383
9019566
9030409
9046092
9054404
9010250
9017440
9027100
9059277
9064498
9011685
9054580
9064395
9056088
9066664
9025348
9035171
9051825
9062213
9046625
9018800
9034188
9060591
9012188
9038540
9031196
9050084
9047210
9061851
9064086
9014206
9027140
9034859
9039574
9066901
9024042
9062108
9062516
9061962
9020715
9036026
9058137
9030013
9041968
9053827
9057592
9057858
9063236
9064502
9064884
9065303
9035538
9025527
9065423
9066143
9035925
9011554
9017278
9039983
9051535
9047427
9017645
9011768
9018638
9043683
9012413
9014193
9040117
9041212
9048348
9060250
9062699
54
9041906
9045339
9058466
9059396
9016841
9040224
9057642
9061576
9013587
9017774
9054992
9066017
9021988
9062203
9064840
9064386
9025918
9043698
9057161
9065256
9054848
9059128
9024589
9053355
9029535
9061804
9062731
9064639
9041936
9043334
9061871
9066807
9041036
9043027
9049788
9059060
9063261
9017846
9028541
9020790
9027131
9050811
9066928
9014715
9013933
9021645
9031434
9037730
9027808
9021735
9022580
9025298
9043287
9047772
9066139
140
9066512
9064241
9038599
9058626
9053622
9059628
9062084
9012785
9034426
9056167
9065597
9025765
9062381
9059118
9048533
9044040
9047066
9056494
9017093
9022889
9028694
9032010
9043598
9018216
9017950
9025515
9036191
9056870
9057345
9050942
9053538
9018472
9029210
9062682
9035446
9055949
9064335
9034195
9012584
9030805
9034957
9064628
9011609
9026994
9052849
9055585
9044826
9049987
9057722
9053147
9011436
9037857
9061860
9064166
9061242
9062738
9066577
9047612
9039041
9048934
9064103
9062420
9059230
9059825
9048311
9024434
9044453
9049224
9064082
9065970
9039269
9025720
9043434
9062142
9065525
9018672
9054145
9012065
9010074
9066320
9059490
9065354
9049638
9014764
9045377
9013314
9055600
9065214
9044385
9013416
9043938
9057838
9062032
9050659
9060827
9062454
9049090
9052162
9026020
9056553
9064110
9028229
9063691
9059566
9061753
9063810
9019807
9058202
9058261
9062904
9057472
9063773
9030744
9011456
9063938
9051378
9044138
9049688
9064061
9058195
9062206
9064681
9066437
9065928
9064286
9062024
9011480
9064753
9030207
9063564
9060420
