9058261
9012624
9044138
9064082
9055301
9064681
54
9014347
9064498
9064286
9013416
9017354
9062904
9012323
9027342
9058280
9012584
9044821
9018216
9043938
9047210
9065214
9041842
9058119
9052162
9020124
9012443
9017262
9012060
9041906
9059703
9026753
9049224
9014573
9034824
9049096
9048147
9029238
9013314
9016453
9046092
9066437
9020387
9027624
9064395
9064513
9059566
9043089
9046844
9035446
9060492
9062738
9048435
9062731
9016149
9058466
9012396
9012188
9031348
9017645
9049688
9066320
9055826
9059230
9065541
9014193
9022580
9058190
9017846
9035109
9044453
9048752
9061633
9054190
9057419
9060420
9033923
9041936
9047758
9016139
9064972
9066807
9025153
9053538
9019314
9056494
9056615
9031423
9050897
9036888
9021819
9053743
9064639
9065262
9052133
9039983
9065970
9011981
9024955
9043698
9062416
9016356
9032010
9048711
9049453
9065824
9033056
9059391
9010818
9028229
9028694
9030732
9047066
9013021
9048607
9014383
9026151
9027808
9055339
9011768
9035171
9065881
9017038
9011436
9027140
9033292
9034770
9046660
9047021
9015002
9025298
9026444
9040117
9064411
9013718
9025348
9054821
9064502
9011817
9043458
9050084
9065354
9058703
9060389
9010074
9023919
129
9032516
9011456
9064619
9038627
9064386
9065217
9024195
9065709
9034134
9047321
9015535
9035559
9043334
9046036
9042899
9014720
9049585
9064061
9066664
9020414
9056088
9016254
9029513
9063773
9019937
9037038
9040663
9039664
9039979
9043683
9065362
9011782
9023131
9024042
9046774
9062516
9041212
9044040
9049638
9063011
9021645
9063053
9027463
9027825
9041230
9045606
9010317
9061962
9037730
69
9027531
9029292
9040246
9010467
9016541
9036397
9053720
9037857
9046625
9011554
9012508
9041790
9052849
9058064
9063531
9031968
9034195
9058922
9013587
9029645
9034532
9040555
9023826
9030124
9040800
9065632
9060591
9057875
9052428
9059919
9043570
9049868
9057838
9059140
9014701
9020790
9064956
9025934
9023365
9059832
9020774
9023708
9035034
9046378
9057161
9059396
9064078
9066740
9040603
9011685
9011970
9051825
9014764
9018411
9019056
9023749
9054848
9058626
9058918
9023258
9022064
9023265
9038700
9043063
9048311
9050811
9066026
9035878
9039194
9043283
9011211
9064086
9030037
9050371
9057642
9061453
9064335
9065423
9024434
9028282
9031434
9034544
9062213
9027861
9050618
9059825
9023556
9049788
9055879
9066017
9043010
9040419
9047274
9063236
9013055
9026020
9010473
9049017
9063810
9013989
9020259
9022363
9036138
9042824
9011558
9016988
9017526
9021093
9047427
9065481
9035925
9064302
9015970
9021988
9032131
9042855
9058195
9058519
9062420
9044613
9060250
9064166
9025918
9041982
9016949
9022763
9033890
9053827
9054404
9027511
9027969
9033525
9056870
9042073
9054061
9054208
9054624
9055378
9057472
9061577
9016841
9062032
9065684
9063886
9014354
9016274
9063449
9050942
9059060
9034811
9042007
9046870
9058770
9062108
9012065
9036699
9039574
9065757
9022846
9035051
9035185
9010286
9022152
9045298
9011446
9052280
9053660
9020715
9052924
9012785
9054487
9057949
9047508
9049774
9025527
9059490
9062142
9062454
9025437
9017440
9054118
9010250
9061851
9054096
9015235
9016691
9038599
9056319
9058516
140
9038540
9058137
9058643
9022813
9024589
9045456
9011277
9061871
9053147
9027100
9056816
9059201
9061576
9033434
9039269
9043027
9012413
79
9057588
9062846
1
9014206
9026886
9064753
9030019
9044395
9047087
9026994
9028491
9055220
9014001
9014648
9027590
9058017
9018618
9054580
9054992
9055850
9041036
9058196
9066143
9054349
9057858
9058849
9062682
9028047
9049090
9059128
9024980
9025613
9038814
9044724
9058202
9032828
9017116
9056616
9019474
9028133
9056553
9036191
9048533
9022415
9055600
9062203
9035600
9051378
9056580
9030013
9066139
9029535
9027744
9011468
9056167
9057205
9059704
9065525
9065597
9034859
9035331
9047612
9061804
9031342
9017613
9062579
9024880
9012538
9017774
9047772
9055651
9045339
9057022
9030409
9064363
9011480
9051535
9063261
9034920
9022353
9026027
9034188
9042433
9061753
9062517
9065306
9031196
9034957
9060827
9062497
9041968
9057999
9064072
9032675
9014072
9026515
9017093
9034426
9038226
9047388
9061860
9062339
9019566
9036026
9062084
9017278
9044802
9059118
9019060
9025631
9025720
9043287
9052607
9057592
9014715
9024267
9044385
9059277
9019807
9011609
9017950
9060646
9064840
9018638
9028541
9014198
9037499
9023196
9064241
9049134
9018672
9063938
9064230
9015543
9064983
9065256
9050315
9063564
9030207
9044224
9050659
9059628
9038264
9059322
9022889
9048348
9014270
9039325
9023134
9057722
9066005
9053355
9063080
9022312
9064422
9023913
9035101
9055949
9050658
9013944
9014636
9022942
9027131
9064103
9061242
9065303
9015778
9030805
9030744
9012747
9020631
9064110
9018348
9018800
9062024
9062419
9010168
9035874
9054720
9053522
9033215
9023110
9064628
9053030
9056783
9018472
9026661
9019349
9028660
9057345
9025515
9057299
9025765
9030559
9055515
9030155
9039054
9065331
9015387
9066577
9031543
9054145
9011398
9027497
9044844
9049987
9058002
9062206
9053622
9055255
9062381
9052032
9036559
9043434
9066512
9017184
9044048
9011526
9058762
9066580
9017397
9051960
9034539
9018144
9013933
9022509
9035716
9065105
9039041
9046381
9048934
9031185
9044826
9063703
9064884
9021399
9038372
9056982
9050919
9010270
9031192
9029210
9052240
9062699
9045377
9055743
9066247
9035538
9028878
9063691
9065928
9010367
9043598
9040224
9015208
9064170
9021735
9057497
9056283
9066244
9055585
