9064061
9064335
9063773
9063261
9062516
9062420
9065481
9060420
9049688
9064286
9058195
9063053
9062454
9022152
9062682
9057858
9063564
9039269
9041968
9056553
9063716
9028133
9057022
9062579
9054118
9059385
9056319
9031192
9059825
9058202
9054580
9021399
9020790
9057838
9015778
9055600
9065423
9035925
9025918
9039979
9062904
9022353
9036138
9046870
9055255
9024880
9040117
9053147
9034859
9056982
9060646
9063236
9063938
9062206
9056783
9041036
9041790
9017846
9014001
9019474
9055220
9062832
9011277
9022509
9013933
9053355
9058261
9050942
9059128
9040224
9047772
9058017
9062032
9062381
9055585
9056616
9057299
9043063
9032828
9011398
9054145
9030037
9064840
9055949
9011480
9058849
9039041
9018144
9047087
9060827
9025934
9037857
9049090
9064302
9043458
9056283
9057472
9057151
9054720
9064166
9022415
9030155
9036559
9055515
9039194
9057722
9041212
9022064
9026020
9043434
9039664
9011609
9043089
9028878
9033215
9035109
9014648
9025765
9016139
9011468
9023110
9014715
9064884
9028047
9040555
9042855
9025527
9062142
9020259
9059230
9056580
9064230
9064110
9063011
9059201
9035171
9055651
9057161
9052607
9013314
9028660
9019349
9050371
9063886
9062130
9020414
9055378
9057121
9024589
9063691
9035538
9031185
9055879
9037499
9054208
9040246
9065256
9051906
9064082
9025515
9064072
9038372
9019807
9062203
9011554
9015387
9035874
9039983
9032675
9034824
9060250
9062084
9013944
9028541
9043683
9059490
9015208
9064241
9011526
9040800
9038599
9019060
9052240
9026994
9047388
9041906
9048934
9058064
9018348
9043287
9012538
9061576
9064628
9016254
9033434
9058002
9042073
9030409
9055826
9038814
9019314
9026515
9058762
9044802
9038540
9043598
9012413
9061753
9061962
9034426
9010270
9044844
9048533
9038264
9059704
9039325
9064411
9043570
9031543
9062108
9062517
9065632
9018672
9034957
9044826
9041936
9057592
9021735
9036191
9030805
9065684
9018472
9058922
9061804
9062846
9064386
9027131
9062024
9061242
9052032
9047427
9058703
9059322
9047758
9054624
9058137
9013587
9065306
9020631
9012785
9016149
9022580
9054992
9025437
9061453
9042824
9024980
9063449
9014270
9051825
9022942
9033890
9051960
9059628
9040663
9014636
9029210
9048348
9033923
9052924
9027744
9037038
9040603
9043334
9062731
9026661
9039054
9042433
9017278
9019566
9060591
9056167
9063703
9034539
9062497
9053827
9017093
9030207
9053030
9023913
9041982
9063810
9031342
9023131
9015002
9023134
9044048
9049987
9061860
9014206
9027808
9045339
9025298
9053538
9014198
9020124
9059060
9028282
9046625
9022889
9035878
9061851
9062213
9064363
9048311
9057419
9062419
9057999
9059118
9011436
9057205
9021645
9026027
9050315
9034811
9047508
9056088
9010250
9017950
140
9017613
9025720
9065105
9012065
9025613
9052133
9054848
9057875
9043283
9054404
9057345
9059566
9062738
9031434
9065928
9014764
9052162
9016841
9024434
9020715
9050618
9018800
9034134
9023258
9031348
9057497
9011456
9018411
9013989
9029156
9065597
9027969
9035716
9021093
9023919
9057642
9017116
9035034
9035331
9054190
9016541
9055339
9028491
9047274
9055743
9051535
9012188
9053622
9056615
9065709
9043010
9058196
9010367
9027861
9045466
9065757
9064170
9046381
9058643
9047021
9047612
9010286
9015235
9022763
9055850
9059919
9011970
9027100
9047066
9050919
9040419
9060389
9011558
9014072
9034920
9064983
9044224
9064103
9065262
9046774
9056816
9017397
9054349
9016691
9020774
9064956
9024267
9061871
9014720
9034195
9035600
9014701
9045456
9049788
9056494
9058626
9058770
9053660
9010473
9046660
9054096
9065354
9014193
9016274
9062339
9012747
9038700
9043027
9059832
9064681
9011685
9034532
9022312
9010074
9015535
9010168
9032010
9033056
9038226
9047321
9012584
9029645
9063080
9011817
9034544
69
9036397
9029535
9034188
9028694
9050658
9035559
9023556
9016949
9064639
9013718
9045298
9022813
9010818
9023749
9044385
9023708
9027140
9054061
9030744
9022363
9030019
9059277
9036026
9052280
9063531
9056870
9061577
9065303
9024955
9065362
9015970
9044395
9042007
9011446
9011981
9018638
9057588
9024042
9029238
9021988
9058190
9030124
9036699
9010467
9016988
9036888
9049453
9014354
9027590
9033292
9037730
9043698
9058519
9024195
9028229
9035101
9035446
9065110
9035185
9051378
9054821
9060492
9041842
9032516
9011768
9013416
9020387
9013055
9027624
9046092
9046844
9033525
129
9038627
9049868
9017526
9019937
9061633
9065525
9049774
9014383
9062699
9011782
9043938
9053743
9023826
9044040
9012060
9058466
9025348
9012508
9049638
9032131
9031196
9049017
9058918
9030732
9045606
9048147
9059703
9026444
9023265
9015543
9027825
9044138
9052428
9023365
9035051
9027511
9017184
9064086
9048752
9017262
9029292
9046378
9059140
9041230
9044453
9014573
9048711
9048435
9017440
9064422
9025153
9046036
9048607
9042899
9016453
9027342
9047210
9052849
9064395
9053522
9010317
9023196
9059396
9059391
9053720
9018618
9029513
9044613
9064619
9017038
9049096
9065217
1
9049224
9013021
9012443
9039574
9026151
9021819
9017354
9064078
9026886
9031968
9014347
9027497
9025631
9022846
9030559
9050811
9057949
9031423
9050659
9065214
9017774
9064513
9050084
9012323
9054487
9049585
9058280
79
9023579
9016356
9065331
9030013
9012396
9026753
9027531
9058119
9044724
9049134
9011211
9055301
9064502
9064753
9058516
9027463
9034770
9065824
9050897
9062416
9065881
9065541
54
9017645
9044821
9064972
9018216
9019056
9012624
9064498
