9066244
9063938
9023131
9055600
9015778
9050659
9057858
9058202
9062699
9049688
9011480
9064061
9050942
9057588
9064241
9049987
9062206
9060827
9058195
9011609
9027590
9010168
9059128
9053147
9057022
9062142
9035101
9061453
9041968
9064082
9056553
9064983
9017184
9061753
9049090
9064335
9064230
9011398
9018144
9058626
9062024
9065256
9062454
9030207
9021399
9062381
9019807
9064166
9064411
9017846
9063773
9063053
9062032
9047612
9058137
9056319
9025515
9026994
9058762
9056615
9058849
9012747
9044224
9058643
9052607
9063716
9034426
9054145
9051960
9041790
9028660
9022509
9063564
9045377
9019937
9064840
9059825
9056783
9065632
9062516
9017774
9041212
9054624
9053030
9063011
9019314
9044844
9014648
9028133
9063531
9050315
9053355
9058017
9062682
9031342
9011277
9054118
9024880
9013718
9065423
9066247
9043089
9025918
9027861
9040117
9012065
9014270
9060646
9062084
9014001
9038814
9057472
9063810
9038540
9057722
9063261
9057151
9059490
9013944
9055255
9064072
9011468
9053622
9063449
9055301
9039041
9055220
9026886
9038599
9054992
9057838
9022312
9014715
9055879
9056283
9061242
9062497
9023134
9023265
9057999
9058703
9064170
9022064
9030037
9012413
9019474
9047087
9062130
9064386
9015208
9043570
9032828
9059322
9016274
9025934
9035538
9043458
9065481
9042433
9039979
9042824
9064110
9030155
9039269
9064513
9044724
9048934
9025298
9034544
9034824
9063236
9020631
9037499
9057497
9025765
9056982
9058064
9034859
9056616
9011526
9066026
9029210
9033215
9055378
9055515
9057161
9059201
9064363
9014701
9041906
9022152
9062203
9063703
9051535
9062419
9062420
9062846
79
9037857
9042855
9026661
9028541
9030409
9013933
9039194
9039983
9039325
9044048
9046870
9048348
9055743
9057205
9036138
9024589
9047388
9054190
9018472
9048311
9014764
9040224
9031192
9028878
9031196
9054208
9062579
9059704
9025631
9025720
9015970
9043598
9065881
9036191
9040555
9043063
9056494
9041936
9066017
9057299
9034811
9056580
9017440
9054404
9061871
9011436
9056167
9015543
9061851
9063886
9033923
9051906
9055949
9050811
9022353
9045466
9013314
9035878
9054580
9025437
9035716
9039664
9023110
9051378
9058922
9059230
9065757
9030805
9036559
9047508
9050371
9045339
9056816
9019349
9039574
9044613
9052162
9052240
9052032
9039054
9062339
9066143
9022415
9025527
9043434
9065597
9028282
9058770
9015387
9040419
9040800
9055826
9064302
9065684
9032675
9011554
9047758
9062517
9010270
9028047
9041036
9014198
9033056
9052924
9062832
9021735
9031434
9043283
9051825
9028491
9033434
9046660
9016149
9022942
9034957
9047427
9058002
9031185
9016254
9057121
9027744
9062213
9017613
9026515
9035331
9020414
9033890
9043334
9044826
9018411
9048533
9055850
9064681
9052133
9057419
9060250
9061860
9014636
9055339
9016139
9018672
9019056
9055651
9056088
9057345
9058196
9064956
9044802
9035925
9054720
9055585
9012785
9026027
9034539
9065306
9053827
9065105
9011456
9020790
9034134
9035171
9040603
9043287
9048147
9018618
9023913
9035109
9054349
9060591
9035874
9058918
9064753
9018348
9065970
9020259
9046092
9057875
9010286
9022889
9026020
9029238
9047066
9054848
9061804
9062108
9064628
9019060
9041230
9047321
9065331
9013587
9060389
9034532
1
9010473
9012188
9017278
9018800
9011817
9020715
9058516
9032010
9034920
9059060
9064422
9012323
9035600
9030013
9040246
9049788
9058190
9065217
9022580
9017397
9029535
9011558
9036397
9042007
9054061
9014354
9027131
9035034
9050919
9057592
9017116
9037038
9050618
9064884
9065709
9014193
9021093
9027100
9038264
9043698
9058261
9024980
9038226
9049585
9023258
69
9042073
9019566
140
9011970
9046036
9059919
9017093
9048711
9017950
9046625
9022363
9040663
9041842
9049774
9053660
9062738
9036888
9043683
9028229
9028694
9049017
9053522
9010074
9013416
9020774
9027969
9046381
9054821
9014720
9022763
9036699
9046774
9023749
9048607
9048752
9030732
9062904
9043010
9050658
9034188
9011768
9023196
9027531
9014206
9023919
9035559
9038700
9016841
9010818
9014383
9017526
9015235
9025613
9046378
9049134
9031348
9065362
9065928
9024267
9041982
9063080
9017645
9024042
9052428
9063691
9012538
9036026
9044395
9049638
9059832
9012060
9012443
9027140
9031968
9059628
9034770
9047772
9052280
9057642
9060420
9017354
9037730
9064395
9011782
9045298
9016988
9030124
9047274
9010467
9017038
9024955
9027463
9033292
9044453
9053538
9029645
9058119
9043027
9044138
9049453
9016949
9059277
9010250
9013989
9014347
9059118
9034195
9038372
9054487
9066139
9012584
9026151
9030559
9054096
9053720
9027808
9032516
9058466
9011446
9024434
9035185
9038627
9015535
9027511
9021645
9043938
9061576
9012396
9049868
9064286
9023826
9059140
9023556
9044040
9065354
9031543
9049096
9064078
129
9014072
9016541
9021819
9064502
9010317
9023708
9052849
9032131
9011211
9033525
9035051
9061633
9065525
9047021
9059566
9060492
9015002
9030019
9022813
9064619
9065262
9013055
9031423
9046844
9065214
9042899
9016453
9061962
9029513
9010367
9027342
9059396
9064086
9023579
9016691
9018638
9027624
9056870
9013021
9057949
9058280
9059703
9045456
9053743
9020387
9011685
9048435
9065824
9058519
9011981
9027497
9059391
9027825
9044385
9061577
9022846
54
9047210
9035446
9064972
9064103
9065303
9062731
9025348
9026444
9029292
9064639
9017262
9024195
9045606
9014573
9012508
9021988
9026753
9023365
9049224
9065541
9020124
9050084
9066005
9012624
9030744
9016356
9050897
9018216
9025153
9044821
9062416
9064498
