9065928
9056553
9060420
9025765
9030744
9055585
9065632
9064884
9013933
9045377
9062846
9061576
9064110
9024880
9063703
9019474
9021735
9056494
9016139
9023131
9019314
9057722
9043598
9028133
9057497
9053147
9041968
9054118
9058762
9023134
9043683
9064230
9064103
9021399
9057858
9018144
9058202
9018472
9056982
9011398
9065256
9049090
9031192
9019349
9011609
9042824
9064411
9060250
9055301
9064628
9030155
9062454
9064513
9064983
9015208
9057022
9057345
9010367
9060646
9048348
9051960
9018672
9054624
9038599
9028541
9020631
9028878
9044826
9013944
9064241
9015387
9036559
9052607
9014001
9031185
9055743
9037857
9022509
9065110
9041790
9035716
9044844
9063938
9057419
9065214
9039054
9027825
9012413
9057151
9022942
9028282
9057299
9032828
9023110
9058643
9027590
9033215
9064078
9037499
9054145
9063564
9015778
9047087
9030805
9028660
9025613
9011277
9038540
9047427
9048533
9055600
9057472
9058195
9038264
9036026
9055378
9064082
9064753
9064972
9047772
9050315
9050897
9030409
9022580
9065541
9057592
9045456
9065331
9056616
9042433
9018800
9064072
9064498
9048311
9064422
9010168
9056283
9017613
9055879
9058849
9062032
9062381
9065684
9030037
9033890
9055339
9052032
9014198
9019937
9023265
9065757
9057205
9030207
9040246
9051906
9065306
9010467
9043434
9053538
9017397
9018216
9018348
9056615
9044821
9058137
9065970
9034134
9014701
9034539
9059322
9062832
9017116
9055515
9021645
9050618
9059230
9035874
54
9034811
9035185
9061577
9011526
9012624
9054992
9016691
9040603
9061804
9062904
9014270
9016356
9026020
9012538
9060827
9059140
9059201
9012747
9031543
9062024
9056319
9059628
9064086
9016274
9033434
9054349
9022064
9064170
9034957
9048435
9065362
9020124
9027808
9015235
9055255
9058002
9017846
9014206
9026515
9038226
9057949
9051378
9025153
9026151
9039194
9050942
9032516
9062339
9065481
9065525
9065824
9019566
9049868
9058196
9010317
9018411
9063531
9064956
9023913
9039325
9010270
9014764
9059385
9038814
140
9031423
9050919
9064286
9031342
9019807
9022763
9056870
9060591
9026027
9059128
9017093
9057999
9059566
9039041
9063080
9017950
9034188
9043287
9049585
9012065
9014354
9028491
9063810
9062738
9017354
9047210
9055651
9035559
9058466
9023365
9052162
9058280
9012785
9018618
9035101
9055850
9052240
9014636
9044613
9059704
9063449
9016949
9012396
9015002
9043698
9015970
9045298
9062416
9026444
9043458
9047388
9056816
9064061
9058770
9061860
9021988
9058519
9025348
9032010
9041936
9065423
9010286
9040800
9047508
9010473
9043938
9044040
9054208
9062516
9026753
9041212
9059919
9063011
9022813
9058626
9061633
9027497
9029156
9036138
9056167
9058119
9064363
9013314
9047612
9062213
9011768
9064395
9029645
9057588
9029535
9023579
9012323
9054404
9020715
9026661
9059118
9061453
9066005
9012188
9039983
9011480
9014072
9036191
9054190
9058516
9016453
9049774
9062497
9042007
9044048
9044224
9019060
9034532
9041982
9062206
9034824
9012584
9015543
9049638
9061753
9016988
9024980
9025527
9036699
9044395
9046036
9014720
9047321
9057161
9060389
9062682
9011211
9064386
9027463
9044385
9021093
9026886
9026994
9040555
9040663
9045466
9048711
9054821
9057875
9064639
9012443
9040224
9023919
9053030
9061242
9064502
9035034
9041842
9053827
9063236
9065354
9012508
9046381
9052133
9050084
9052280
9061851
9062130
9023749
9023258
9013718
9023196
9028694
9039574
9056580
9032131
79
9027969
9057642
9064166
9035925
9058190
9024589
9027140
9036888
9038700
9058922
9031348
9055949
9059060
9056783
9064681
9044724
9013989
9054061
9027744
9011970
9027342
9041230
9046092
9062108
9033923
9053720
9044138
9065105
9033292
9065597
9035878
9059703
9061962
9016541
9024195
9027131
9025720
9027531
9048607
9042899
9010074
9017184
9043334
9049688
9010818
9065709
9047758
9053743
9055220
9025437
9016149
9041906
9053622
9065217
9013055
9013416
9014573
9022846
9033525
9035446
9042855
9048934
9043089
9011817
9037038
9039664
9053660
9059277
9010250
9062203
9018638
9030013
9038372
9049224
9050371
9022889
9028229
9035600
9048752
9051535
9011446
9017262
9021819
9025298
9022363
9049453
1
9030019
9050811
129
9024955
9034544
9052849
9062142
9063053
9064840
9020414
9023556
9052428
9035331
9039979
9043570
9044802
9029238
9054848
9065881
9012060
9023826
9034426
9049017
9062084
9017440
9047066
9053355
9058261
9063716
9065262
9043027
9053522
9034920
9060492
9019056
9034195
9030124
9038627
9054096
9036397
9046774
9028047
9031968
9049987
9035171
9031434
9056088
9014347
9025515
9048147
9025918
9011436
9024267
9013021
9029513
9031196
9017774
9040117
9046660
9058918
9061871
9011981
9023708
9058064
9059391
9064302
9059490
9046378
9042073
9013587
9020387
9030559
9046625
9011782
9033056
9063773
9059825
9043010
9017038
9049788
9058017
9011456
9025631
9054580
9015535
69
9029292
9027624
9046844
9050659
9063886
9027511
9035109
9039269
9020259
9064619
9065303
9017526
9050658
9030732
9045339
9014715
9022312
9014193
9016254
9052924
9062419
9047274
9057838
9020774
9035538
9022415
9046870
9051825
9016841
9035051
9059832
9014648
9022353
9027861
9025934
9011554
9014383
9037730
9040419
9054487
9045606
9064335
9062731
9020790
9034770
9041036
9057121
9062420
9043063
9047021
9024042
9029210
9027100
9034859
9062517
9058703
9011468
9011558
9011685
9017278
9024434
9059396
9062579
9049134
9017645
9022152
9055826
9043283
9049096
9063691
9063261
9054720
9062699
9032675
9044453
